225.519743751584
223.484408062538
226.198188981266
232.982641278086
239.427870960065
250.439417627232
263.160265683769
276.050725047726
233.817557517499
232.799889672976
236.192115821386
242.976568118206
252.474801333754
263.200118734124
278.465136401968
289.320260076880
243.550083036283
244.228528265965
246.603086569851
257.458210244763
266.593731569050
281.180304007213
293.392318141488
306.961222735128
254.602591844337
254.602591844337
259.351708452111
270.885277356704
282.418846261298
298.023086543983
312.270436367305
327.874676649991
270.885277356704
271.563722586386
278.348174883206
290.560189017482
304.807538840803
319.733333893807
336.694464635856
348.906478770132
291.238634247164
291.917079476846
300.736867462711
314.305772056351
331.266902798400
347.549588310768
365.189164282499
379.436514105821
318.376443434443
319.733333893807
329.231567109354
345.514252621722
364.510719052817
379.436514105821
397.076090077552
409.966549441510
355.132508833922
357.846289752650
370.058303886926
386.340989399293
402.623674911661
420.263250883392
435.189045936396
447.401060070671
410.765017667845
412.121908127208
424.333922261484
436.545936395760
452.828621908127
467.754416961131
478.609540636042
485.393992932862
492.178445229682
488.107773851590
493.535335689046
501.676678445230
511.174911660777
519.316254416961
527.457597173145
534.242049469965
596.659010600707
581.733215547703
576.305653710247
574.948763250883
576.305653710247
577.662544169611
579.019434628975
579.019434628975
720.136042402827
691.641342756184
669.931095406360
655.005300353357
646.863957597173
638.722614840989
633.295053003534
627.867491166078
832.757950530035
792.051236749117
762.199646643110
737.775618374558
714.708480565371
702.496466431095
688.927561837456
680.786219081272
930.454063604240
887.033568904594
844.969964664311
812.404593639576
785.266784452297
759.485865724382
744.560070671378
733.704946996466
996.941696113074
954.878091872792
912.814487632509
877.535335689046
843.613074204947
813.761484098940
793.408127208481
774.411660777385
1048.50353356890
1007.79681978799
968.446996466431
927.740282685512
895.174911660777
862.609540636042
839.542402826855
816.475265017668
1082.42579505300
1047.14664310954
1007.79681978799
971.160777385159
937.238515901060
904.673144876325
880.249116607774
850.397526501767
1109.80565371025
1074.52650176678
1042.63957597173
1006.68197879859
974.795053003533
942.908127208480
915.770318021201
890.667844522968
1126.76678445230
1098.27208480565
1067.06360424028
1035.85512367491
1005.32508833922
975.473498233215
947.657243816254
923.233215547703
1141.69257950530
1114.55477031802
1087.41696113074
1057.56537102473
1029.07067137809
1000.57597173145
975.473498233215
949.692579505300
1151.86925795053
1128.80212014134
1103.02120141343
1077.24028268551
1048.74558303887
1024.32155477032
998.540636042403
975.473498233215
1160.01060070671
1139.65724381625
1117.94699646643
1093.52296819788
1069.77738515901
1041.28268551237
1019.57243816254
997.183745583039
1168.83038869258
1150.51236749117
1126.76678445230
1105.73498233216
1082.66784452297
1059.60070671378
1036.53356890459
1016.85865724382
