102.181681164413
104.748526084199
109.454408437141
113.304675816820
119.507884372969
125.497189185804
132.128205228584
138.763697825730
109.996206575269
113.418666468317
116.841126361365
122.830431174199
128.391928500403
134.809040799868
141.653960585964
148.926687858691
119.616824954392
122.183669874178
127.317359713750
132.023242066692
138.440354366157
144.857466665622
153.841423884874
159.830728697708
130.312012120168
134.162279499847
137.584739392895
144.857466665622
150.418963991825
158.547306237815
165.820033510542
172.664953296638
143.146236719098
146.140889125515
151.702386451718
156.836076291291
164.964418537280
172.237145810007
179.937680569365
187.210407842093
158.547306237815
162.397573617494
167.103455970435
174.803990729793
180.793295542628
189.777252761879
196.194365061344
204.750514793964
177.798643136210
180.365488055996
186.782600355462
192.344097681665
200.044632441023
207.745167200382
215.017894473109
222.718429232467
197.049980034606
202.611477360809
207.745167200382
215.445701959740
221.007199285943
229.563349018563
235.124846344767
242.825381104125
226.568696612146
229.563349018563
234.269231371504
240.258536184339
246.675648483804
253.092760783269
259.082065596103
265.499177895569
255.659605703055
259.509873082734
264.215755435676
269.777252761879
274.483135114820
280.044632441023
284.750514793964
291.595434580061
294.590086986478
295.873509446371
299.295969339419
302.290621745836
306.568696612146
309.991156505194
314.269231371505
316.408268804660
330.098108376852
334.376183243162
335.659605703055
337.798643136210
339.937680569365
341.221103029259
342.504525489152
345.071370408938
372.878857039954
373.734472013216
373.734472013216
374.590086986478
374.590086986478
374.162279499847
374.162279499847
373.734472013216
411.809338323376
414.376183243162
411.809338323376
410.525915863483
409.670300890221
405.820033510542
404.108803564018
401.541958644232
454.189839572192
452.906417112299
450.767379679144
447.772727272727
443.066844919785
437.933155080213
434.082887700534
429.377005347593
489.697860962566
488.414438502673
484.991978609625
481.141711229946
474.296791443850
468.307486631015
462.745989304812
457.612299465240
523.066844919786
520.499999999999
515.366310160427
509.377005347593
503.815508021390
496.970588235293
490.125668449197
482.425133689839
547.879679144385
546.168449197860
541.462566844919
535.901069518716
529.483957219251
520.499999999999
512.799465240641
504.671122994652
569.697860962566
567.131016042780
563.280748663101
556.863636363636
550.018716577540
542.745989304812
533.762032085561
525.633689839572
585.954545454545
584.671122994652
580.820855614973
574.831550802138
567.986631016042
559.858288770053
550.446524064171
544.029411764705
600.072192513368
598.360962566844
595.794117647058
589.804812834224
583.815508021390
576.114973262032
567.558823529411
559.430481283422
610.339572192513
609.911764705882
606.917112299465
602.639037433155
595.794117647058
588.949197860962
580.820855614973
573.975935828877
622.318181818181
618.895721925133
617.612299465240
612.906417112299
606.917112299465
600.072192513368
593.655080213903
584.671122994652
628.307486631015
627.451871657753
624.885026737967
621.034759358288
615.473262032085
610.339572192513
602.639037433155
596.221925133689
636.008021390374
633.441176470588
633.013368983957
629.163101604278
624.885026737967
618.467914438502
613.762032085561
604.778074866310
