272.895352943002
267.807013720387
265.093232801659
261.361784038408
262.040229268090
261.701006653249
265.093232801659
266.105103303862
280.753229296546
276.004112688772
272.611886540362
270.915773466157
269.558883006793
271.594218695839
273.290331770044
277.927374617801
290.867045589765
284.761038522627
282.725702833581
279.333476685171
280.690367144535
282.047257603899
284.761038522627
288.831709900719
303.079059724040
297.651497886584
292.223936049129
292.223936049129
290.188600360083
294.259271738175
298.329943116266
299.686833575630
314.612628628634
308.506621561496
305.114395413086
302.400614494358
303.079059724040
306.471285872450
308.506621561496
313.934183398952
327.503087992592
324.110861844182
320.040190466090
316.647964317680
320.040190466090
322.753971384818
325.467752303546
331.573759370683
347.177999653369
340.393547356549
336.322875978457
337.001321208139
337.001321208139
339.715102126867
344.464218734641
348.534890112733
369.821142175707
363.036689878887
357.609128041431
358.287573271113
358.287573271113
361.001354189841
367.107361256979
371.178032635071
394.245170444258
386.782272917756
383.390046769346
382.711601539664
384.068491999028
387.460718147438
391.531389525530
396.958951362986
426.810541468993
418.669198712809
413.920082105035
412.563191645671
412.563191645671
416.633863023763
419.347643942491
424.775205779947
464.803474331184
455.305241115636
451.234569737544
447.163898359452
447.842343589134
449.199234048498
452.591460196908
455.305241115636
512.973085638604
501.439516734010
494.655064437191
489.227502599735
488.549057370053
487.870612140371
487.870612140371
489.905947829417
566.570258783480
552.322908960159
542.824675744611
536.718668677473
533.326442529063
529.934216380653
529.255771150971
529.255771150971
624.238103306449
612.026089172173
597.100294119169
588.280506133304
579.460718147438
574.033156309982
569.962484931890
568.605594472526
689.604350221698
670.607883790602
655.003643507917
642.791629373641
632.614950928412
622.438272483182
617.010710645726
612.940039267635
750.664420893075
733.703290151026
715.385268949613
698.424138207563
685.533678843606
674.000109939012
663.144986264101
652.968307818871
812.402936794135
792.728025133358
775.088449161627
756.770427960213
740.487742447846
722.169721246433
709.957707112157
700.459473896609
868.035445628057
849.038979196962
828.007177076821
806.975374956679
788.657353755266
770.339332553853
754.056647041485
739.809297218164
920.275728313569
898.565480963746
878.212124073287
856.501876723464
834.791629373640
815.795162942545
798.155586970814
785.265127606856
962.339332553852
942.664420893074
922.311064002615
901.279261882474
877.533678843605
857.858767182828
836.148519833004
819.187389090955
1000.33226541604
981.335798984947
959.625551635124
937.236859055618
915.526611705795
895.173254815336
872.784562235831
857.180321953146
1030.18385552205
1009.83049863159
990.834032200494
969.123784850671
946.056647041484
926.381735380707
904.671488030884
886.353466829470
1055.28632902028
1036.28986258919
1017.97184138777
996.940039267632
977.265127606855
954.876435027350
935.879968596255
918.918837854205
1075.63968591074
1058.67855516869
1037.64675304855
1021.36406753618
1000.33226541604
982.014244214629
959.625551635124
943.342866122756
1091.92237142311
1076.99657637011
1060.71389085774
1039.68208873760
1022.04251276587
1001.68915587541
984.049579903675
969.123784850671
1105.49127601675
1091.24392619343
1075.63968591074
1058.67855516869
1040.36053396728
1022.04251276587
1003.04604633477
985.406470363039
1118.08758387699
1104.17945666851
1090.27132946003
1072.97097610314
1057.02751320561
1038.70949200420
1023.10525172151
1006.14412097946
