199.192995333409
217.511016534823
239.560486499488
261.609956464152
286.033984732704
310.118790386415
331.829037736239
355.342561527040
208.386738575397
226.365537161969
252.146455889885
275.892038928754
301.672957656670
326.775431154903
350.860236808614
371.968377985814
216.518416723145
238.567886687810
265.027250645407
291.825837217845
319.981314249647
345.762232977563
370.187377773697
393.932960812566
227.708681042378
250.097373621883
281.305854187254
308.443663374533
341.009034399268
367.468398356865
390.535536166053
412.924228745558
242.634476095381
270.450730512342
302.337656307395
334.903027332131
365.433062667820
392.570871855099
419.030235812696
440.062037932837
263.666278215523
292.839423091848
328.118575035311
361.362391289728
395.963098003509
423.100907190788
448.203380689021
468.556737579480
290.125642173120
321.334122738491
360.005500830364
396.641543233191
429.885359487608
457.023168674887
480.768751713756
500.443663374533
328.797020264993
364.076172208456
403.425995530010
441.418928392201
469.913628038844
495.016101537078
515.369458427537
533.009034399269
376.966631572413
417.673345353332
455.666278215523
490.266984929304
516.726348886901
537.758151007042
553.362391289728
565.574405424004
455.666278215523
488.910094469940
522.153910724357
548.613274681954
567.609741113050
581.178645706689
592.712214611283
600.853557367467
558.789953127184
577.107974328597
598.818221678421
611.030235812696
621.206914257926
626.634476095382
634.097373621883
637.489599770293
687.016101537078
680.910094469940
678.196313551212
677.517868321530
674.804087402802
674.804087402802
673.447196943438
673.447196943438
819.991366554746
779.963098003509
757.574405424004
739.256384222590
729.079705777361
719.581472561813
714.153910724357
708.726348886901
927.982332155477
871.671378091873
827.572438162545
801.113074204948
779.402826855124
765.155477031803
752.265017667845
745.480565371026
1005.32508833922
942.908127208480
892.024734982332
854.031802120142
827.572438162545
806.540636042403
789.579505300354
776.689045936396
1058.92226148410
997.862190812721
944.265017667844
903.558303886926
870.314487632509
845.212014134276
824.180212014135
809.932862190813
1092.84452296820
1038.56890459364
987.007067137809
944.265017667844
911.021201413428
881.848056537103
857.424028268552
839.106007067138
1119.98233215548
1069.77738515901
1021.60777385159
980.222614840989
944.265017667844
914.413427561838
888.632508833922
867.600706713781
1136.94346289753
1093.52296819788
1049.42402826855
1007.36042402827
974.116607773851
942.229681978799
919.162544169611
893.381625441696
1151.66742772481
1111.29993655873
1070.59322277781
1033.27873514530
997.999583201838
968.147993095830
941.688629138233
919.299936558728
1161.16566094035
1125.20806376721
1088.91124397922
1053.63209203576
1021.06672101102
989.519017830813
964.077321717739
939.314070834346
1171.00311677074
1137.08085528664
1102.48014857286
1070.59322277781
1038.70629698276
1010.55081995095
984.091455993357
960.345872954488
1177.10912383788
1146.91831111703
1115.37060793682
1084.50134998629
1055.66742772481
1027.85117330784
1001.73103196509
978.324671541060