565.146182034929
519.690351646237
478.644415250477
435.902365780512
400.283991222208
366.091327520675
333.865179110781
306.048924693820
563.788714229966
515.279880307704
469.824049919011
427.421223063887
387.392954512651
351.098480191166
319.211554396113
291.395299979152
562.785299604946
510.545016919434
460.000847308126
414.545016919433
372.113575373001
335.816755585016
303.251384560281
276.452797987843
559.890071793994
502.900672500708
449.981944585514
401.812333278093
357.713393348765
317.685124797528
285.119753772793
255.946608896468
558.533181334630
495.437774974206
435.734594762192
384.851202536044
340.073817377033
300.723994055479
266.123287341698
241.020813843464
555.819400415903
486.617986988341
422.165690168553
365.854736104949
317.685124797528
279.013746705655
246.448375680920
216.596785574913
551.070283808129
474.405972854065
404.526114196821
346.179824444171
295.974877447705
257.981944585514
225.416573560779
200.992545292228
543.934628975265
458.450530035336
382.464664310954
321.404593639576
272.556537102473
233.206713780919
204.712014134275
181.644876325088
533.079505300353
439.454063604240
356.683745583039
296.980565371025
246.775618374558
210.139575971731
184.358657243816
164.005300353357
518.153710247350
413.673144876325
333.616607773852
268.485865724382
225.065371024735
191.143109540636
164.005300353357
146.365724381625
493.729681978799
386.535335689046
305.121908127208
245.418727915194
201.998233215548
172.146643109541
149.079505300353
130.083038869258
463.878091872791
362.111307420495
282.054770318021
223.708480565371
185.715547703180
157.220848056537
135.510600706714
117.871024734982
435.383392226148
339.044169611307
265.772084805654
212.853356890459
172.146643109541
146.365724381625
126.012367491166
112.443462897526
409.602473498233
324.118374558304
254.916961130742
203.355123674912
169.432862190813
140.938162544169
120.584805653710
105.659010600707
389.249116607774
311.906360424028
249.489399293286
200.641342756184
168.075971731449
140.938162544169
120.584805653710
105.659010600707
375.680212014134
307.835689045936
248.132508833922
201.998233215548
169.432862190813
140.938162544169
121.941696113074
105.659010600707
364.825088339223
303.765017667844
249.489399293286
206.068904593639
173.503533568904
145.008833922261
126.012367491166
105.659010600707
358.708039537483
301.040195014515
252.192138477412
211.485424696493
178.920053671758
151.103799254797
130.071997134655
112.432421162924
350.566696781299
300.361749784833
254.905919396140
216.912986533949
185.704505968578
158.566696781298
137.534894661157
118.538428230062
345.139134943843
299.683304555151
258.298145544550
220.983657912041
189.775177346670
163.994258618754
142.962456498613
123.287544837835
341.068463565752
299.683304555151
261.690371692960
227.768110208861
197.238074873171
173.492491834302
150.425354025115
131.428887594019
339.033127876706
300.361749784833
263.725707382006
233.195672046316
204.700972399673
178.920053671758
157.888251551616
137.534894661157
334.284011268932
299.683304555151
265.082597841370
235.909452965044
209.450089007447
185.026060738896
163.994258618754
145.676237417341
