259.078114508078
238.115547663158
218.222499534816
199.185066379736
181.431055684549
163.463141246046
147.848167984014
132.545260381694
258.399584974961
237.864825616672
215.618836311859
196.367499413464
176.688355028437
159.576055563196
142.891563584587
128.346109039132
259.254868251798
237.008878946985
214.335082155541
192.516900337360
172.837755952333
154.014226540568
136.474119588697
120.645242583349
258.827060765167
235.297649000461
211.768237235755
188.666632957680
167.276258626130
148.452729214365
130.912622262493
115.939360230408
258.399253278536
233.586419053937
209.201392315969
184.388558091370
162.570376273189
143.746846861424
125.778932422921
109.094440444311
259.254868251798
232.302996594044
204.923317449659
180.538290711691
157.436686433616
136.474119588697
118.934012636825
102.677328144846
259.254868251798
231.019574134151
202.356472529873
175.404600872119
151.447381620782
130.912622262493
112.516900337360
96.2602158453810
260.966098198322
230.163959160889
198.506205150194
171.982140979071
146.741499267841
125.351124936290
105.244173064632
91.1265260058088
260.966098198322
229.308344187627
196.794975203670
167.276258626130
142.463424401531
119.789627610087
100.538290711691
83.4259912464505
261.393905684953
227.169306754472
195.083745257146
165.565028679606
137.757542048590
115.939360230408
96.6880233320120
80.8591463266644
264.388558091370
228.880536700996
194.228130283884
162.142568786557
134.335082155541
110.805670390836
91.5543334924398
77.0088789469853
266.099788037894
228.024921727734
192.944707823991
160.431338840033
133.051659695648
109.522247930943
89.8431035459158
74.4420340271992
267.383210497787
228.880536700996
193.372515310622
160.003531353402
131.768237235755
107.811017984418
88.5596810860227
72.3029965940441
269.094440444311
230.163959160889
194.228130283884
160.859146326664
133.479467182279
109.522247930943
90.2709110325468
75.2976490004612
270.811640926485
232.736774616324
196.373138252688
164.715384241993
136.480090124346
113.378485846271
93.6993414612442
77.0148494826345
271.667255899747
235.303619536110
199.795598145736
169.421266594934
141.613779963918
118.512175685843
98.4052238141853
81.2929243489447
272.950678359640
238.726079429159
204.929287985308
174.127148947875
146.747469803490
123.645865525415
103.966721140389
87.2822291617789
274.234100819533
242.148539322207
209.635170338250
180.116453760709
153.592389589586
130.490785311512
111.667255899747
93.2715339746131
276.373138252688
244.715384241993
214.768860177822
186.533566060175
160.437309375683
139.046935044132
118.512175685843
100.972068733971
277.228753225950
247.710036648410
219.474742530763
192.522870873009
167.710036648410
145.464047343597
126.640517931832
108.672603493330
277.656560712581
251.560304028089
224.608432370335
197.656560712581
174.127148947875
153.592389589586
133.485437717929
116.373138252688
278.084368199212
253.699341461244
228.458699750014
204.073673012046
181.399876220602
160.865116862314
142.041587450549
124.501480498677
278.939983172474
256.693993867661
231.881159643062
209.207362851618
186.961373546806
165.998806701886
148.886507236645
131.774207771405
278.939983172474
257.121801354292
235.731427022741
213.913245204560
192.522870873009
173.699341461244
154.448004562848
139.474742530763
280.651213118998
260.116453760709
237.014849482635
218.619127557501
197.656560712581
178.833031300816
160.865116862314
144.608432370335
