541.393634764760
512.898935118116
482.029677167586
452.517309676419
424.022610029776
397.563246072179
369.746991655217
345.966803964437
538.683281835532
508.153246499843
476.266320704789
446.753953213623
415.206250033411
387.729218231291
358.895295969807
334.808253101896
535.460053564842
502.894682540107
471.007756745054
439.120830950001
405.877014695584
376.025424589577
348.887615402298
323.785141904065
531.389382186750
497.467120702651
460.831078299824
429.622597734453
395.700336250354
363.813410455301
335.318710808658
310.216237310425
526.640265578977
492.718004094878
454.725071232687
418.767474059542
384.166767345761
351.601396321026
321.749806215019
294.611997027740
521.212703741521
484.576661338694
443.191502328093
406.555459925266
369.919417522439
336.675601268022
306.824011162015
279.007756745054
517.142032363429
474.399982893464
434.371714342227
392.308110101945
356.350512928800
321.071360985337
292.576661338694
261.368180773323
509.671773680524
464.894388521514
418.760112903140
378.731844351903
340.738911489712
304.781314316567
273.572833751196
246.435024563917
502.208876154023
454.039264846602
408.583434457910
363.127604069217
323.099335517981
287.141738344836
255.933257779465
226.760112903140
490.675307249429
441.148805482645
390.943858486178
345.488028097486
306.138204775931
267.466826684058
236.258346118687
210.477427390772
479.141738344836
426.223010429641
374.661172973811
328.526897355436
284.427957426108
248.470360252963
217.261879687592
190.802515729995
466.251278980878
410.618770146956
356.343151772398
308.851985694659
264.074600535649
229.473893821868
198.265413256497
172.484494528581
450.647038698192
391.622303715860
338.025130570984
289.855519263564
244.399688874871
208.442091701726
177.912056366037
155.523363786532
435.042798415507
377.374953892539
319.707109369571
271.537498062150
227.438558132822
192.159406189359
162.986261313034
141.276013963210
418.765453349940
358.383827908244
303.429764304004
253.224817307538
211.839658296938
177.238951583157
149.422697166196
127.712449816373
400.447432148527
342.101142395877
288.503969251001
238.977467484217
197.592308473616
163.670046989518
135.853792572557
116.857326141461
383.486301406477
326.496902113192
273.578174197997
227.443898579623
187.415630028387
154.850259003652
126.355559357009
108.715983385278
368.560506353474
314.963333208598
262.723050523086
218.624110593758
178.595842042521
148.744251936514
122.284887978917
101.931531088458
355.670046989516
303.429764304004
253.224817307538
211.839658296938
175.882061123793
143.316690099058
118.892661830507
97.8608597103660
344.814923314605
295.288421547821
249.154145929446
208.447432148528
172.489834975383
143.316690099058
117.535771371143
97.8608597103660
336.673580558421
288.503969251001
246.440365010718
207.768986918846
173.846725434747
144.673580558422
118.892661830507
97.8608597103660
328.532237802237
285.790188332273
243.726584091991
207.768986918846
174.525170664429
146.030471017786
120.249552289871
99.8961953994119
323.783121194464
282.397962183863
244.405029321673
209.125877378210
176.560506353475
148.065806706832
124.320223667963
106.680647696232
319.034004586690
281.041071724499
244.405029321673
210.482767837574
179.274287272203
154.171813773970
127.712449816373
108.037538155596
314.963333208598
280.362626494817
245.083474551355
212.518103526620
183.344958650295
156.207149463016
133.818456883511
112.786654763369
312.249552289870
278.327290805771
245.761919781036
214.553439215666
187.415630028387
162.313156530154
137.210683031921
119.571107060189
310.368889090839
278.821185910627
247.273482730416
218.100337854091
191.301751281653
166.199277783420
144.489030433597
123.796450928297
