589.212368293038
556.646997268302
523.742403628725
493.890813522717
467.770672179960
445.042756985613
424.350177480313
407.227734773844
594.645884006993
559.027509448689
523.069912275544
491.861431710172
464.723622522893
440.299594254342
419.607014749041
402.321401747005
601.111284700876
561.083016149639
522.750860672608
489.507044418191
459.316231697343
434.552980813950
414.025177346670
396.385601374938
610.775051720544
563.962330872487
523.934062321250
487.976465148105
457.446429812416
430.987065854819
409.276818504996
390.958797303582
619.594839706409
568.033002250579
521.898726632204
483.227348540332
449.983532285915
423.524168328317
403.849256667540
385.531235466126
629.093072921957
572.103673628671
520.541836172840
479.156677162240
442.520634759413
416.739716031498
396.386359141038
380.103673628671
641.983532285915
575.495899777081
519.863390943158
473.729115324784
438.449963381321
409.955263734678
389.601906844218
371.962330872487
654.195546420190
580.245016384855
515.114274335385
466.944663027964
430.987065854819
404.527701897222
382.139009317717
365.856323805349
671.835122391922
580.245016384855
512.400493416657
458.803320271780
422.167277868953
397.064804370720
377.389892709943
361.107207197575
685.404026985561
580.923461614537
502.223814971427
452.018867974961
416.061270801816
390.958797303582
371.962330872487
357.036535819483
693.545369741745
572.782118858353
495.439362674607
442.520634759413
407.919928045632
384.852790236444
366.534769035031
352.287419211709
682.690246066834
556.499433345985
481.870458080968
433.022401543865
399.778585289448
377.389892709943
360.428761967893
347.538302603936
652.160210731144
540.895193063300
469.658443946692
423.524168328317
394.351023451992
371.962330872487
355.679645360119
342.110740766480
615.521822861816
521.217935936021
457.444084345916
415.380480105633
386.207335229308
365.853978338849
349.571292826481
339.394614381252
578.207335229307
501.543024275244
446.588960671004
407.917582579131
381.458218621534
361.104861731075
346.857511907753
335.323943003160
545.641964204572
484.581893533195
437.090727455456
401.133130282312
378.065992473124
359.069526042029
344.822176218708
332.610162084432
521.896381165703
471.012988939555
429.627829928955
397.062458904220
373.316875865351
355.677299893619
341.429950070298
331.931716854750
501.543024275244
456.765639116234
422.164932402453
392.991787526128
370.603094946623
352.285073745209
340.073059610934
328.539490706340
485.260338762877
447.267405900686
415.380480105633
388.242670918354
367.889314027895
350.249738056163
337.359278692206
327.182600246976
473.546730245959
439.285246147019
410.451323885535
385.688073002143
365.673938726525
349.730475828998
337.518461694722
328.698673708857
463.030829185889
431.822348620518
405.702207277761
383.313514698256
363.977825652320
348.712807984475
336.500793850199
326.663338019811
454.211041200023
426.394786783062
401.631535899670
380.260511164687
362.960157807797
348.712807984475
336.840016465040
328.359451094016
447.087366288362
421.645670175288
398.917754980942
378.564398090482
362.281712578115
348.034362754793
336.500793850199
327.341783249493